file to be read:file1.csv
1 6.314164507207787
  File "C:/Users/jacob/PycharmProjects/CS0008-f2016/f2016_cs8_jts87_a2/f2016_cs8_jts87_a2.py", line 57, in <module>
2 22.814457067127293
3 63.96002713452162
4 71.42248408334447
5 145.60150042581347
6 217.58444854125196
7 297.53046770295657
8 394.27652803145907
9 451.8528821160286
10 503.76254969483296
11 547.3268676319647
12 605.9927324933174
13 624.1568854095561
14 682.6993191523156
15 732.6216809389254
16 746.877360286214
17 760.4861779086137
18 822.6630997485884
19 878.4316749506589
20 946.5004093339918
21 951.7445128842094
22 971.3441895614337
23 977.5142799275251
24 1020.3959102602311
25 1028.2137713885961
26 1028.2612415701785
27 1068.4678847380924
28 1079.7529985919127
29 1094.9541518129242
30 1193.3008037756679
31 1284.0311917992965
32 1359.725005935053
33 1395.1963361941437
34 1430.0548641680318
35 1488.7207667375865
36 1522.875350723813
37 1579.7184181308987
38 1664.5351558553589
39 1730.6606729734372
40 1807.6903525511666
41 1862.09746363652
42 1891.8573818853768
43 1919.680211413848
44 1957.8380418320326
45 2043.2039635576846
46 2065.5657197314927
47 2130.8545047525654
48 2194.211526773112
49 2293.9524886611384